Temperature	Density	Enthalpy
0	0	-835.5
1	0	-833.6
2	0	-831.7
3	0	-829.8
4	0	-827.9
5	0	-826
6	0	-824.1
7	0	-822.2
8	0	-820.3
9	0	-818.4
10	0	-816.5
11	0	-814.6
12	0	-812.7
13	0	-810.8
14	0	-808.9
15	0	-807
16	0	-805.1
17	0	-803.2
18	0	-801.3
19	0	-799.4
20	0	-797.5
21	0	-795.6
22	0	-793.7
23	0	-791.8
24	0	-789.9
25	0	-788
26	0	-786.1
27	0	-784.2
28	0	-782.3
29	0	-780.5
30	0	-778.6
31	0	-776.8
32	0	-774.9
33	0	-773.1
34	0	-771.2
35	0	-769.4
36	0	-767.5
37	0	-765.7
38	0	-763.8
39	0	-762
40	0	-760.1
41	0	-758.3
42	0	-756.4
43	0	-754.6
44	0	-752.7
45	0	-750.9
46	0	-749
47	0	-747.2
48	0	-745.3
49	0	-743.5
50	0	-741.6
51	0	-739.8
52	0	-737.9
53	0	-736.1
54	0	-734.2
55	0	-732.4
56	0	-730.5
57	0	-728.7
58	0	-726.8
59	0	-725
60	0	-723.1
61	0	-721.3
62	0	-719.4
63	0	-717.6
64	0	-715.7
65	0	-713.9
66	0	-712
67	0	-710.2
68	0	-708.4
69	0	-706.5
70	0	-704.7
71	0	-702.8
72	0	-701
73	0	-699.1
74	0	-697.3
75	0	-695.4
76	0	-693.6
77	0	-691.7
78	0	-689.9
79	0	-688
80	0	-686.2
81	0	-684.3
82	0	-682.5
83	0	-680.6
84	0	-678.8
85	0	-676.9
86	0	-675.1
87	0	-673.2
88	0	-671.4
89	1.61E-22	-669.5
90	3.36E-22	-667.7
91	0.0000000000000000000012296	-665.8
92	0.0000000000000000000024076	-664
93	0.0000000000000000000046521	-662.1
94	0.0000000000000000000088740	-660.3
95	0.0000000000000000000167170	-658.4
96	0.0000000000000000000311100	-656.6
97	0.0000000000000000000572160	-654.7
98	0.0000000000000000001040200	-652.9
99	0.0000000000000000001870100	-651
100	0.0000000000000000003325800	-649.2
101	0.0000000000000000005852100	-647.3
102	0.0000000000000000010192000	-645.5
103	0.0000000000000000017572000	-643.6
104	0.0000000000000000030001000	-641.8
105	0.0000000000000000050736000	-639.9
106	0.0000000000000000085010000	-638.1
107	0.0000000000000000141150000	-636.2
108	0.0000000000000000232320000	-634.4
109	0.0000000000000000379090000	-632.5
110	0.0000000000000000613420000	-630.7
111	0.0000000000000000984520000	-628.8
112	0.0000000000000001567600000	-627
113	0.0000000000000002476600000	-625.1
114	0.0000000000000003883100000	-623.3
115	0.0000000000000006043600000	-621.4
116	0.0000000000000009338200000	-619.6
117	0.0000000000000014327000000	-617.7
118	0.0000000000000021831000000	-615.9
119	0.0000000000000033042000000	-614
120	0.0000000000000049681000000	-612.2
121	0.0000000000000074220000000	-610.4
122	0.0000000000000110190000000	-608.5
123	0.0000000000000162580000000	-606.7
124	0.0000000000000238450000000	-604.8
125	0.0000000000000347690000000	-603
126	0.0000000000000504060000000	-601.1
127	0.0000000000000726680000000	-599.3
128	0.0000000000001041900000000	-597.4
129	0.0000000000001485800000000	-595.6
130	0.0000000000002107800000000	-593.7
131	0.0000000000002974800000000	-591.9
132	0.0000000000004177300000000	-590
133	0.0000000000005837200000000	-588.2
134	0.0000000000008117400000000	-586.3
135	0.0000000000011235000000000	-584.5
136	0.0000000000015479000000000	-582.6
137	0.0000000000021229000000000	-580.8
138	0.0000000000028986000000000	-578.9
139	0.0000000000039406000000000	-577.1
140	0.0000000000053345000000000	-575.2
141	0.0000000000071913000000000	-573.4
142	0.0000000000096549000000000	-571.5
143	0.0000000000129110000000000	-569.7
144	0.0000000000171970000000000	-567.8
145	0.0000000000228170000000000	-566
146	0.0000000000301610000000000	-564.1
147	0.0000000000397210000000000	-562.3
148	0.0000000000521220000000000	-560.4
149	0.0000000000681500000000000	-558.6
150	0.0000000000887970000000000	-556.7
151	0.0000000001153000000000000	-554.9
152	0.0000000001492200000000000	-553
153	0.0000000001924700000000000	-551.2
154	0.0000000002474600000000000	-549.3
155	0.0000000003171500000000000	-547.5
156	0.0000000004052000000000000	-545.6
157	0.0000000005161100000000000	-543.8
158	0.0000000006554000000000000	-541.9
159	0.0000000008298200000000000	-540.1
160	0.0000000010476000000000000	-538.2
161	0.0000000013188000000000000	-536.4
162	0.0000000016556000000000000	-534.5
163	0.0000000020726000000000000	-532.7
164	0.0000000025877000000000000	-530.8
165	0.0000000032223000000000000	-529
166	0.0000000040019000000000000	-527.1
167	0.0000000049575000000000000	-525.3
168	0.0000000061258000000000000	-523.4
169	0.0000000075507000000000000	-521.6
170	0.0000000092844000000000000	-519.7
171	0.0000000113890000000000000	-517.9
172	0.0000000139370000000000000	-516
173	0.0000000170170000000000000	-514.2
174	0.0000000207300000000000000	-512.3
175	0.0000000251960000000000000	-510.5
176	0.0000000305570000000000000	-508.6
177	0.0000000369780000000000000	-506.8
178	0.0000000446540000000000000	-504.9
179	0.0000000538100000000000000	-503.1
180	0.0000000647090000000000000	-501.2
181	0.0000000776590000000000000	-499.4
182	0.0000000930140000000000000	-497.5
183	0.0000001111900000000000000	-495.7
184	0.0000001326500000000000000	-493.8
185	0.0000001579600000000000000	-492
186	0.0000001877500000000000000	-490.1
187	0.0000002227400000000000000	-488.3
188	0.0000002637700000000000000	-486.4
189	0.0000003118000000000000000	-484.6
190	0.0000003679300000000000000	-482.7
191	0.0000004334100000000000000	-480.9
192	0.0000005096700000000000000	-479
193	0.0000005983400000000000000	-477.2
194	0.0000007012800000000000000	-475.3
195	0.0000008205800000000000000	-473.5
196	0.0000009586400000000000000	-471.6
197	0.0000011182000000000000000	-469.8
198	0.0000013022000000000000000	-467.9
199	0.0000015141000000000000000	-466.1
200	0.0000017580000000000000000	-464.2
201	0.0000020380000000000000000	-462.3
202	0.0000023591000000000000000	-460.5
203	0.0000027269000000000000000	-458.6
204	0.0000031476000000000000000	-456.8
205	0.0000036280000000000000000	-454.9
206	0.0000041759000000000000000	-453.1
207	0.0000048000000000000000000	-451.2
208	0.0000055099000000000000000	-449.4
209	0.0000063163000000000000000	-447.5
210	0.0000072313000000000000000	-445.7
211	0.0000082682000000000000000	-443.8
212	0.0000094416000000000000000	-442
213	0.0000107680000000000000000	-440.1
214	0.0000122660000000000000000	-438.3
215	0.0000139540000000000000000	-436.4
216	0.0000158560000000000000000	-434.6
217	0.0000179960000000000000000	-432.7
218	0.0000204000000000000000000	-430.9
219	0.0000230990000000000000000	-429
220	0.0000261250000000000000000	-427.2
221	0.0000295150000000000000000	-425.3
222	0.0000333060000000000000000	-423.5
223	0.0000375440000000000000000	-421.6
224	0.0000422740000000000000000	-419.8
225	0.0000475500000000000000000	-417.9
226	0.0000534270000000000000000	-416.1
227	0.0000599690000000000000000	-414.2
228	0.0000672420000000000000000	-412.4
229	0.0000753210000000000000000	-410.5
230	0.0000842850000000000000000	-408.7
231	0.0000942230000000000000000	-406.8
232	0.0001052300000000000000000	-405
233	0.0001174100000000000000000	-403.1
234	0.0001308700000000000000000	-401.3
235	0.0001457400000000000000000	-399.4
236	0.0001621500000000000000000	-397.6
237	0.0001802500000000000000000	-395.7
238	0.0002001700000000000000000	-393.9
239	0.0002221100000000000000000	-392
240	0.0002462200000000000000000	-390.2
241	0.0002727200000000000000000	-388.3
242	0.0003018100000000000000000	-386.5
243	0.0003337200000000000000000	-384.6
244	0.0003686900000000000000000	-382.8
245	0.0004069900000000000000000	-380.9
246	0.0004488900000000000000000	-379.1
247	0.0004947100000000000000000	-377.2
248	0.0005447700000000000000000	-375.4
249	0.0005994200000000000000000	-373.5
250	0.0006590400000000000000000	-371.7
251	0.0007240200000000000000000	-369.8
252	0.0007948000000000000000000	-368
253	0.0008718500000000000000000	-366.1
254	0.0009556400000000000000000	-364.3
255	0.0010467000000000000000000	-362.4
256	0.0011456000000000000000000	-360.6
257	0.0012530000000000000000000	-358.8
258	0.0013695000000000000000000	-356.9
259	0.0014957000000000000000000	-355.1
260	0.0016324000000000000000000	-353.2
261	0.0017804000000000000000000	-351.4
262	0.0019405000000000000000000	-349.6
263	0.0021136000000000000000000	-347.7
264	0.0023006000000000000000000	-345.9
265	0.0025024000000000000000000	-344
266	0.0027202000000000000000000	-342.2
267	0.0029551000000000000000000	-340.4
268	0.0032082000000000000000000	-338.5
269	0.0034808000000000000000000	-336.7
270	0.0037742000000000000000000	-334.9
271	0.0040898000000000000000000	-333
272	0.0044292000000000000000000	-331.2
273	0.0047938000000000000000000	-329.4
274	0.0051433	2502.5
275	0.0055066	2504.3
276	0.0058922	2506.1
277	0.0063013	2508
278	0.0067349	2509.8
279	0.0071945	2511.6
280	0.0076812	2513.4
281	0.0081963	2515.3
282	0.0087414	2517.1
283	0.0093178	2518.9
284	0.009927	2520.8
285	0.010571	2522.6
286	0.01125	2524.4
287	0.011967	2526.2
288	0.012724	2528.1
289	0.013522	2529.9
290	0.014363	2531.7
291	0.015248	2533.5
292	0.016181	2535.3
293	0.017162	2537.2
294	0.018195	2539
295	0.019281	2540.8
